2016
516210.711996
569987.890592
42049.677312
270620.733116
273273.62408
244816.946136
18590.231472
59064.2537
617748.202744
137863.976144
44584.402992
274077.437736
267454.9984
129764.921608
288958.728404
487088.927736
542519.003516
315972.373268
253051.456056
269945.03378
19220.338944
277085.887044
203061.233104
414068.034692
393380.41784
429460.04406
76793.359728
388704.6468
359239.346112
664279.113036
80671.144868
502251.271444
268186.624972
619183.154192
242967.12826
441310.604648
69657.81906
385645.808192
443099.794368
76492.344136
632841.353744
221048.048908
357565.617052
166529.616628
79090.72452
322808.894572
787257.709404
554148.366412
392802.309492
15695.407524
528191.544128
44239.502012
67424.752888
501701.529204
578445.980768
211629.696752
273327.007688
473918.779708
566972.261148
82664.757272
74462.73474
160840.2
383395.065516
104986.564484
46371.17784
222133.945924
44350.00424
96887.509948
566937.069136
419756.163352
116520.88002
624804.794768
617506.978088
289542.66444
520044.321928
510678.162132
482005.985496
130323.485912
437704.85718
402356.664364
557598.180716
437630.094296
286434.69226
364823.154464
233789.099128
108260.2578
12559.101408
626703.971556
606116.328324
52927.000268
433262.454504
280080.909884
263592.185072
52243.7667
230770.249968
435907.489244
211073.740352
236605.038844
510277.527084
352115.074552
296254.516548
124333.472268
423263.740192
226815.834472
218442.745968
536061.415924
575886.72044
59358.829656
49688.305728
62851.756608
306305.551976
798204.901224
142047.18784
16784.942832
402154.624244
73443.8409
661317.865348
419584.131404
218133.101412
293075.80618
77843.96808
178251.06468
459590.418756
62582.1015
633791.634312
106688.756168
586269.133796
174684.662744
145690.348888
475923.468052
178664.38556
112399.906168
388171.840428
248368.9878
99539.628104
384484.697408
321917.02032
122229.969312
14931.873
215177.069804
190346.101812
30530.752096
187642.88596
95805.154572
436648.807272
513837.586036
232843.1007
191236.559272
307199.551144
233923.588536
313893.855572
116668.377252
358311.53928
118588.385916
293382.520704
354782.132416
53366.368968
260576.394632
440389.205144
333693.172188
506227.903164
396306.054736
412079.927916
432672.52958
594478.980312
196524.24612
46153.07104
321387.369388
174919.60876
237538.898636
541316.776312
63627.52608
196043.954168
626777.221064
311609.530776
133361.267168
471532.29176
446281.434564
473205.698828
36214.59848
608674.91236
233902.949828
613483.047824
197641.922196
232561.854424
415667.129488
244039.34116
584336.471404
35945.877108
406957.125052
403591.604092
364431.0839
631798.569172
345309.978008
41528.17222
570908.742424
157429.215864
381110.450832
840507.2654
642439.787036
610308.523148
512590.121268
619324.437196
311337.07446
841206.404584
501791.778992
368478.32512
171008.46684
482715.3634
718640.034364
342108.53612
189562.379396
654131.162572
760836.597232
424825.517992
443638.58922
497611.271784
29741.652672
249830.502228
80399.911904
655521.745712
913442.834712
386375.502744
156476.423772
48665.129544
738745.518172
342819.137648
152567.374732
722810.495884
275159.986008
400327.215828
612764.751
69770.510548
337111.336188
515473.418392
319458.731692
247597.951216
758621.143152
138671.653296
772633.516564
296714.910224
544052.12532
198843.47304
633309.088416
311392.06796
526555.550504
421416.884384
537082.177032
188372.226416
438413.172524
607948.6949
47723.445632
456631.360464
141792.472304
111689.562084
153689.848244
422712.452336
311333.210692
192538.14808
610154.876032
953217.943096
348428.897304
218801.137556
390405.003048
331371.948836
201284.310436
451909.546812
650401.872812
172130.553948
320836.017188
458140.044476
185963.232424
353403.752052
467054.020848
105089.789856
218286.844908
533150.686224
293465.300672
1129107.28002
118096.5349
257964.330132
649232.455124
283611.411276
599912.651084
679276.411492
110084.639328
104301.9784
402052.557608
603490.772944
907459.711316
804529.35138
342780.339448
452098.418044
695543.326868
259545.297812
180279.804548
725785.00884
506007.703484
154525.15114
576885.071952
644787.412236
711703.346136
241620.977568
68326.96224
218216.557468
665885.355592
557471.998008
335797.415508
278197.316516
281005.722
121032.636128
556649.058952
218098.649764
369578.936368
457029.451816
253576.727788
34692.520104
290691.893964
573684.145224
144559.857952
467410.480688
295456.111868
679994.901416
235432.46558
906784.462728
622770.774068
692803.663276
286480.026272
674329.05346
380377.986972
348837.67826
232328.679092
265260.2471
736889.389484
882820.02936
36488.05274
681233.737152
419416.413768
518883.75834
417326.369452
346689.710412
187811.891088
169676.934
155483.159176
219397.66284
354086.824556
455278.158664
158823.308404
247646.7949
262216.541368
375027.031756
162507.811212
544687.223328
432510.41436
495014.179164
375741.464812
554530.101128
487145.917192
777047.456412
182509.039124
156151.8072
373219.231796
539557.819968
384154.639348
63310.66908
409995.002824
155580.170592
52836.42808
484074.006348
103983.447232
536858.371232
182740.958592
288493.311408
123783.697584
539385.401684
398738.327376
478573.074616
433973.989496
674652.9615
1040892.135316
843064.59364
764083.469784
360057.004404
266393.088224
150195.118096
668418.632308
102310.490912
256983.268448
297206.245808
638845.244196
144176.030016
435697.14188
97175.61396
167210.724804
565963.54148
484760.781624
152462.05614
364695.2008
805216.995912
279958.075648
640812.0038
122344.624788
440767.526976
337237.32532
181425.363676
189105.816908
688960.844672
405973.551844
256564.345152
177387.717328
543142.574496
377653.166436
262752.631732
444671.553172
549235.330728
824947.280816
388711.536708
312694.075276
329085.563264
528042.211188
828443.202144
173198.581156
66935.76722
643059.558864
696385.745352
368930.186348
737948.6268
340460.436168
1140813.949292
459136.303176
132045.092476
521589.227932
402687.526792
658709.117012
772870.362088
271962.79402
80829.041612
147469.492648
364072.59532
674262.114492
246108.682152
423419.930528
111826.852564
893123.17208
339898.297848
990035.892832
112123.360472
225487.038224
75084.76024
573315.772088
557075.870508
368272.614264
52316.243196
750216.790544
639010.836508
89107.308096
725966.184708
850420.269372
117169.565152
439726.931936
732467.721964
318588.300924
747011.06638
161037.055872
222874.329876
113885.568568
823489.694364
77420.150424
679263.82204
302599.025636
567333.872248
367686.810688
507878.964776
743179.356024
229204.125004
149696.473416
213759.826692
720384.179348
1112714.246348
98808.70952
531505.90264
400927.282684
339865.874804
255570.597636
210782.673456
688767.916436
75489.999488
294181.44
887927.248396
122962.690276
58277.79408
425318.978492
698147.245052
189886.061824
325281.703788
343634.896364
164206.94404
115186.80328
484289.6659
636383.12404
679180.977524
830892.314272
335341.1106
216121.715512
300279.766408
693787.300488
106047.08936
721147.262988
588418.099384
561645.421528
458141.879504
547589.645716
465082.785528
122942.212564
635998.20144
655097.863712
584381.225776
447670.89046
953915.34336
218187.515
333488.459344
1029445.075192
226623.839632
304063.663264
87116.722172
635701.11396
221248.510832
788476.871932
508155.542304
276539.138704
632272.195876
79536.081564
352446.548656
365243.429596
142186.989504
588353.961692
416292.954344
408157.580892
749230.0621
634718.313696
382982.77448
523523.72542
366885.315184
406881.685672
756822.937792
394549.899396
134654.291152
583998.20282
409771.100372
417409.34252
462637.665788
592572.526464
714191.803592
270860.1541
458266.51646
103393.74758
800538.938688
208753.128404
243499.773024
1010562.070688
419984.830388
434678.988472
303891.534732
167023.46326
837335.73476
330954.055588
363479.064208
526431.879116
103990.272932
559710.27992
1037306.7366
759127.064076
725829.441288
626924.685784
104676.0823
608758.883372
698457.694452
202799.852252
349956.8352
428685.207712
200754.498236
522665.368944
546130.545956
219925.76802
320646.115296
723717.792356
667766.147276
656678.21958
657327.194872
357586.544968
646981.55118
195665.341904
196838.623292
226046.729364
620811.70942
406146.3885
474270.892384
975396.69594
361698.889788
927098.84446
307053.824256
325886.890208
415750.102352
160471.053716
981181.417508
598218.283044
573891.626424
733491.992608
1149775.73896
520519.8159
880462.873292
424558.985676
250271.899056
455084.779476
559297.538544
503419.207452
1167328.724
123428.879536
380972.290416
66195.608064
549099.553148
1005494.93748
491266.439956
418854.693752
145467.09008
690719.027868
1235706.590972
516992.0511
301651.352836
541530.53588
152933.33252
445571.927292
834089.666916
808287.843992
992343.979264
513810.507352
755249.278868
414275.064804
443205.466376
748405.191092
564851.660716
661555.290104
332295.762668
1015813.438552
703376.138908
951941.918712
845383.627188
460454.344864
664060.876936
216901.348616
1121693.9701
392899.867696
466305.200352
965918.069792
90860.339692
299940.982868
552741.200888
984576.39924
434099.68874
471987.726664
414412.065668
530050.698684
833941.879796
223152.195168
428869.28144
517279.54364
415275.605916
482547.001576
612428.542988
901154.836764
213036.667884
933271.32194
275871.714032
283314.452212
161720.12824
443743.746204
477879.440924
109401.37318
1031471.657836
302746.426148
129219.13904
496275.874904
714423.014596
586030.484464
664836.614236
612659.52872
880722.38606
311237.357944
858695.38028
324558.80256
845412.733796
555987.13984
838988.277644
384517.345248
140839.679804
652680.433788
809623.723316
371110.802308
679376.384704
207030.169052
1250921.642132
408977.396612
372864.961012
1301553.499312
679140.215132
454062.08628
257594.185836
86592.89886
112855.115596
274339.429108
608915.846652
514509.904048
655326.337852
250524.521508
761014.520804
85561.89876
908509.450004
948934.59624
100214.36092
757723.344152
494475.287184
505554.843496
629926.727628
516594.66794
348861.40752
939847.944004
331179.921756
298953.12752
1092735.041356
571810.532928
353492.842424
780627.059
775126.545844
868582.1434
439071.291464
133638.810128
375321.961604
603695.291804
869416.5448
539112.848444
142839.892704
231199.057276
155210.477112
548338.111436
277298.777016
313427.279228
371896.553056
431201.16202
1285655.955016
942340.136608
249223.286728
100178.42834
701208.98118
634069.177204
1016084.188256
369743.884356
642625.47018
607941.546528
900993.365596
338599.799592
1058967.751808
268929.809792
1079391.766716
467171.348504
342706.67082
251053.33522
433301.058788
794448.242892
617552.955608
310016.58498
622416.631972
494108.524008
479821.440472
327555.209884
325333.831464
726350.495224
724486.8002
280415.34592
361962.974516
674582.963472
237105.32484
547439.250352
821982.619904
198085.282876
762243.343024
1301023.655144
611294.800164
659413.471868
572972.094324
158588.361912
664841.701356
239203.160968
542727.77214
227882.219072
885273.455596
1042256.734572
638499.087148
459684.30636
1105469.71642
568624.964416
595802.495184
913154.56882
907047.549036
1205497.943584
597894.08498
116490.259356
458111.484656
106660.035216
815131.126652
275909.224128
688409.524372
313610.902208
554447.610368
843644.890976
695804.1593
765548.235828
566385.490916
540159.335516
253964.000304
479749.124564
616704.355
718726.580972
504430.051628
1070092.159348
237172.19926
389621.11916
1437604.845752
498146.331284
709277.544488
613358.667768
432202.282636
547385.480272
458433.654048
364203.220688
691037.236772
157089.498112
243335.886848
183434.17296
660273.051764
881374.967336
1032897.465024
778382.659172
315358.428176
331512.201112
1238479.80424
127139.97736
214517.17882
640589.453388
429669.810764
604672.779336
268615.04574
645662.478696
386117.88894
848313.964868
523528.812336
409452.504588
526952.868572
401592.87158
507011.978996
716150.384708
632497.160344
1114956.778228
129843.64396
552694.546328
622629.683552
305049.296568
193076.878112
173622.26924
550409.770784
751648.03888
539904.1693
566166.386036
703239.36318
925876.429228
734313.901072
327372.64926
737338.062828
475374.111468
770280.996596
358207.765624
822925.398412
550215.39372
227547.460296
559922.236564
638281.8175
613992.928692
376649.147484
861896.918548
892633.510188
882127.651124
287758.078172
519785.999592
679699.616452
1145119.286216
252750.568404
244552.989144
169635.237532
356375.109092
774844.945268
997202.08518
800618.659664
330236.370236
144094.63392
549718.970744
297208.080564
1135133.90172
413657.8683
906836.879884
372036.033
550000.44236
333948.820576
879291.84544
985839.543944
482768.102412
626685.940072
884100.496064
411196.649776
1347683.130436
795846.778704
369324.027188
652898.34708
841413.305804
611058.791452
331212.891928
1163775.68378
1041370.462668
666125.291668
321260.992968
787969.211612
1030743.186364
753074.49012
211017.78006
507586.448916
217467.704528
773545.674544
1021116.16142
1049497.8189
621522.11744
349265.326492
1014889.946032
722925.022128
273166.179688
829397.442588
122904.122352
303616.695444
833810.384424
493129.426312
768834.711492
880145.59758
448084.307516
854486.21694
668648.844756
751338.394256
430232.27094
1225276.074024
568363.0044
341065.461184
328577.902808
438242.55662
645101.563796
110811.693192
344356.992
490420.930036
252228.483876
722386.903228
360535.975672
1062253.293668
388933.442184
1000978.866312
172402.204604
211494.36924
233950.923508
643534.215684
189894.175152
1010064.681396
1260134.508772
1290620.055544
933772.25226
239922.2625
560311.312548
720107.1827
188336.64732
457665.83718
777363.958432
196648.560336
142962.983976
845906.645044
1347281.271832
235892.56896
955436.29422
311233.204152
218971.140288
819153.028176
874165.436388
295864.956624
920869.18354
1069225.849928
127365.746944
180409.78566
819297.01594
833275.807232
910864.480476
769453.163384
321085.06508
320187.781716
488352.55468
233368.983632
904210.0045
171530.260732
330435.254848
477954.364464
1378565.866996
1127001.393752
216288.627488
837693.804084
495442.14932
1138566.039452
1317614.60718
930541.446116
630189.846312
227849.602656
347862.636956
728075.901212
911954.305604
435324.775744
1241345.682304
1026842.540812
364324.28356
399293.09178
1583671.938956
232291.007184
761931.5088
802596.591724
269952.953396
572335.643664
1318132.441536
667653.229768
516195.674684
674909.608104
932086.449044
189795.90794
1096630.212908
428195.738988
870321.555292
960035.917824
1120991.481968
921026.72646
943809.86122
225277.4955
321119.13012
197474.23612
401809.4648
1144727.022416
1002840.27522
1297345.044232
1040606.380744
323746.906932
795849.257784
747882.172488
897298.559248
972821.111012
1120920.067624
416299.586536
397478.143924
944856.187364
365747.032096
1119583.930652
478129.004316
151195.529772
1180368.664352
168420.38884
311314.052304
708893.845172
700649.611556
942734.879148
1170177.343864
1026602.153308
519567.313152
639031.60336
1175345.89952
734213.669668
993167.819408
1272587.67998
369292.95632
780911.267072
1055565.718424
614360.174584
1266746.0652
681554.070564
706347.785904
414240.677296
770169.238436
1097980.77436
1537791.645952
1144926.679836
419211.764928
204919.678856
1006401.783068
235560.997728
858228.063572
550378.442268
612588.95112
1572789.174444
289119.26468
856552.016292
905312.7408
187520.179868
834814.080772
338831.879716
694511.617624
615954.826244
170803.656868
647738.06602
762663.55388
804235.064292
710220.129624
864877.355708
771457.819488
1277748.926744
362459.59032
676043.7693
524279.628448
1081963.841292
1319648.047968
1165049.09958
465829.415608
493229.109976
547346.19888
863865.159016
1108656.379256
674797.785668
647407.493004
1318737.273792
874470.315544
186909.7773
1075619.97578
401573.649324
640675.259768
640157.87616
1359897.105388
197035.318032
650966.90804
737146.647696
307013.73768
487928.479648
1228728.818156
194544.18792
334711.904012
617011.00484
925936.413128
379027.650044
465747.247248
1145963.572036
984213.177364
586789.414176
1213735.350956
713643.1233
668033.1938
716553.98162
1014695.568764
1491565.550472
155758.28706
1340625.894156
164256.55992
654278.626748
370926.985616
192569.861844
464684.983248
447392.026204
1256605.423696
273414.004568
747353.648392
1038410.438332
337417.888832
591657.72698
344094.420172
392477.46656
1086476.821092
287034.693888
318566.631216
1114594.619048
1025260.671432
829503.694508
1015234.943324
1116286.314364
909785.505744
1321848.143696
1428722.422692
1035975.203284
402071.617712
1195000.423324
1308697.346476
129253.268016
871337.712132
200181.734112
976808.174756
510369.289228
1196906.168436
450958.814476
1342506.042128
1283548.52354
1013897.71162
789057.29782
1198880.526684
385815.327528
1171937.040436
938609.977116
673446.869916
1181704.125032
1501151.201416
154489.024508
752491.48748
874541.761992
1229041.811184
219319.614944
703723.164328
851973.192188
1241895.005764
944264.91006
851674.044068
1005647.006264
1173025.320084
977997.039768
750570.641664
310093.794432
1106132.890444
1064741.847708
1105304.735376
1180889.492948
486413.001836
1164207.743384
276217.870128
596444.740748
1014021.479252
1415633.54146
642462.259956
292959.185288
486799.405504
647179.565924
247982.937208
1040385.215088
1068491.389704
398295.158436
623495.992428
1165288.842964
382175.74036
582998.562524
1213683.512692
866066.606988
697051.462596
1160520.535952
655480.724924
508397.571124
587892.408056
310808.00208
1018914.745212
1553638.349996
517258.743392
979459.262592
1144364.895544
541766.382848
482819.97244
1480776.899584
1155274.158624
911065.522176
920723.231448
1073305.449508
513024.65934
704816.531164
1180337.97982
255266.780088
1019154.359908
1482741.179972
467898.112752
653140.601648
865127.144712
1554634.351252
886753.064696
1036009.493664
541184.764964
197377.965
627013.743712
574498.969524
299471.798484
203723.987736
844237.455568
389035.604928
941034.651248
398140.384416
549211.889996
521266.188332
738462.467816
1518885.684384
499743.751504
276280.752024
914881.39126
907074.819936
1120321.030612
264131.65506
994768.008868
406687.887432
619531.981992
518521.11556
1352314.693756
1453972.571424
374135.543024
702660.224104
459282.47952
699123.894752
897425.160056
1082685.42204
692995.173768
380631.188112
942034.41962
855697.458968
1177212.878468
811789.560224
750468.220932
558205.877436
379617.70352
245526.677048
482686.577628
1179702.913848
1068101.508604
501202.464792
267982.04
282356.2825
1251160.902052
627519.053164
262484.52122
526930.555152
245918.296728
322802.71136
431272.125004
1026468.661708
598221.920656
808462.257824
1297891.14784
947317.24462
965366.073064
1170541.080152
1136123.75282
1186061.944408
961979.108484
1067491.524612
793910.638608
1592315.77696
1403114.847872
539887.329472
1501116.170264
405116.739964
1148009.859584
233500.317396
1333230.3897
1165219.42478
751273.35466
1144654.255488
853473.569092
235541.324724
708523.443432
1172354.643456
1139070.350484
527858.555016
859298.022528
1136416.268204
1200561.822012
882672.627624
1010959.034388
380685.60204
468151.66894
233855.972324
1142951.90274
852348.841704
179068.979668
456747.077616
535504.331396
600874.00664
1300516.316612
1441683.768904
989281.179624
428158.389412
605116.397664
417310.655984
1043187.985848
458498.080948
839222.321484
259908.775704
1319960.429048
1190303.788032
1172415.43254
851173.789428
1350026.859356
535599.797332
1355423.72836
169236.98464
1507330.826656
485993.917408
976389.219084
338868.810104
626191.029928
1107284.341672
820184.800608
946302.890636
996567.662716
437046.67206
1055896.967256
1061740.127516
1105495.506116
1080511.24524
1636631.42634
191119.777248
583178.804656
847020.553596
949920.325788
1810406.860524
168089.364736
1330989.435064
1499694.065576
752149.355332
706308.375688
1150144.851712
951899.642468
373847.985936
1022186.05576
778406.19506
1035047.621724
559984.345244
536821.825888
934161.682068
612851.16824
1782133.998796
844417.246952
224836.548672
892989.38998
212169.29536
1696942.211004
1279774.768684
763728.972912
263434.57638
575350.306724
940725.264136
1010462.675756
1371565.42714
430149.651356
408924.398592
1169899.413616
351264.573008
917739.799504
634317.06602
851806.601456
910633.55868
156697.201664
461152.67832
650625.16216
583638.651068
344799.708832
1128719.780464
440099.521848
848851.92216
327571.951972
736657.597684
553217.370744
1434538.407888
729740.19592
686285.25334
705569.3114
998705.552636
1301270.417056
496925.1392
1036758.506784
770042.47602
886891.900656
852685.628744
826199.541932
1292270.151044
607895.438824
973559.208916
463876.178648
660286.831716
365429.33774
838984.638536
1436269.51308
568285.472004
1455122.831336
598042.579748
1016088.083448
949868.036776
1436064.446412
1084639.656604
546090.909788
200058.030552
959400.143116
492448.059672
691498.016308
347040.276996
280291.480956
770460.17576
338256.700992
1304384.249164
356310.230288
1282143.966328
1816476.563176
755170.200652
1420717.062932
501688.71312
698372.627416
1371102.038884
172543.00428
459109.867864
242156.261864
933505.204648
598682.700668
183563.60674
444646.083768
838166.947664
701309.984372
1185306.974368
841631.250928
265392.449372
532931.000616
730392.487512
740221.262756
957266.470992
176446.09674
725859.158756
1119551.088624
1099181.16572
777801.781176
373375.421316
1883170.623228
1281851.772868
755795.28528
569846.831296
741777.27728
590273.06784
308405.479556
1180280.120428
444478.97808
1385626.451068
1555748.485348
480859.04032
313470.13348
1174261.032348
1502394.705492
807225.063948
1481329.6681
1116217.378896
1002931.973564
665721.210884
390434.108432
1154572.73312
1414937.62172
1576984.00914
1282070.974264
289335.40688
571803.352044
660404.67494
444301.955528
474989.671176
890466.96366
1216598.942768
694208.15458
1058647.803236
779210.684736
424273.488412
1710932.013756
987856.402416
986003.815572
790260.168464
1147559.479016
856880.882356
1233570.631916
379194.11134
245385.23264
1786549.934872
643256.317404
684938.909616
911661.564268
520131.801388
623895.789984
1368184.097012
485946.03936
574311.86884
374138.279548
1042810.98368
1647536.117188
536105.203232
619896.684188
491393.072256
811828.77666
1486006.6948
1292700.182384
1493340.830396
855833.751232
1299434.73384
1423931.029588
1010742.537344
260711.816416
670463.952928
1141313.301076
1313054.908
1093402.01426
347785.684064
940731.7035
971706.010192
615198.117216
1367582.065828
1315547.165016
1545768.896368
352255.19712
430379.28464
650390.376936
559554.603384
1366633.00868
859071.640792
447036.177632
1606723.762304
860676.434724
452255.573336
836098.990816
285015.773688
1428556.507912
655347.458596
1049759.198528
615580.689356
559966.732948
491096.274528
804576.036616
1542881.477896
873487.257224
1081330.449148
367143.603444
1553675.215904
1744367.377908
415638.246792
581576.940484
313736.761904
179356.922752
1012397.366344
1076123.030948
1517555.69682
1664235.028028
235927.72812
581141.338832
892326.150932
888905.089072
709294.962596
281317.0395
976724.911256
635135.30402
860616.064148
1184535.2938
1026375.062904
649281.490752
2012031.049096
861434.914096
2019938.36678
492654.961436
1422116.629064
882916.9429
722217.382056
821578.0881
925693.095184
1721281.199088
839969.563648
1504225.655412
565777.985324
1475127.182244
1057686.478696
636197.954356
372190.097876
1462096.095788
651428.041876
1742693.68102
392887.889172
527008.312072
1038849.066056
274226.63988
1622406.709336
957406.884672
609647.794264
750126.539396
380519.880564
950400.875048
206990.6294
754219.823228
1462122.175848
274262.54022
957837.97864
1092720.422688
1084491.740524
1195229.444524
1279496.355584
1209663.928776
286341.156576
501873.430696
474596.441468
719478.748784
665182.222524
1019913.32186
1188235.83098
200967.709792
1490474.372488
321731.91464
2384818.897444
1502800.781756
407938.829088
1129566.448916
612307.639888
260716.22738
1232029.073976
903018.369772
781739.518112
1072427.516476
1138512.558512
1063303.772584
275316.400596
308139.10844
1063591.136368
777044.782668
727358.151108
492709.214368
865935.433404
1514444.5692
615399.835208
1104266.651316
519274.60392
368543.523808
797312.86448
834607.725592
645471.223948
1688862.828928
710603.44172
1105219.572164
761677.146884
703512.752348
1047482.2469
820029.189164
416904.708
1089829.623436
459842.782132
1341677.017192
1770010.917208
1180393.42366
573544.921296
502081.813664
1377075.63148
740643.82414
419151.13616
1069268.73642
1277678.445524
1429347.571188
1822906.202896
1104053.921592
806732.633292
844678.433752
301473.13788
1261391.213432
977630.791276
357225.86604
212759.799448
297366.620816
709189.32208
1137241.074324
317848.65584
554661.981204
1306288.35194
1701104.429624
578280.96626
1234588.044416
662537.02672
690081.127428
1119847.982664
1793197.230576
461906.553152
1197657.113032
1803357.544744
1243920.976256
1383671.02478
1098073.309652
1149260.060672
1365289.981256
206549.32868
383682.846176
1047850.0725
1101507.282752
1523165.166588
1097513.296384
779608.550544
1203925.732672
476775.640908
458456.288032
421750.67562
1340030.84926
1881521.5573
191914.317616
352181.1746
1398907.455216
410321.90388
233726.537456
1257712.151976
517429.969816
1334301.3466
1326674.727792
853657.578068
1611377.896352
412794.423752
587124.236616
1888070.103076
647586.575516
1408148.366244
817771.073184
1400146.548532
1085336.54164
961562.792752
2183109.610208
1083633.319568
1144581.939172
1499113.091268
602298.87982
365295.00892
685099.7687
783767.324312
1324867.024416
1453773.267624
1489444.11282
1505184.66146
1264517.312796
865254.035
1376434.963092
826880.231532
1557772.07348
788050.992684
1105762.971352
200115.535168
1545105.335328
1047923.450832
490455.25184
835213.427172
1576067.084944
699078.75316
522947.70866
426137.955904
357123.091144
1050949.158068
937152.776456
1145513.609568
1400995.34224
1106604.391824
658023.016464
799414.853992
401668.953584
1834713.296604
1554203.127916
988006.12108
1797692.72704
2098598.029368
870728.951016
1281485.267
971791.687816
867968.230208
1134898.053188
569118.71392
852513.081296
1733387.569604
511881.256756
439878.291576
546074.971592
478886.291624
312481.569532
765964.389068
840656.048968
1735144.722684
716629.291156
278107.483604
1454806.135128
1278935.02204
574492.271832
1040085.229204
544891.708928
398159.573616
822610.053904
1485046.625784
1631934.790776
625580.594712
1900091.214408
765224.262288
648908.545452
1233434.564448
496004.962912
545289.993516
759511.502396
1895178.758636
1827821.234332
484553.717232
2041358.736904
1013912.328656
1044859.975716
1072519.601496
1966304.0166
1001038.978356
489756.370168
429468.091616
1157367.389872
1491877.158336
1565366.91316
605911.453056
961140.198856
1133757.130364
1244425.963648
590765.369128
589883.637216
915582.397304
431246.01216
1270413.72784
1131894.98082
1130395.6341
1912891.637056
929053.721852
1199453.740264
1484409.917748
389650.160336
1385083.308984
340179.285048
1137455.832312
1344896.90812
1019427.4917
1246152.367988
1006053.75814
590401.471572
1808624.721572
270004.30772
1109289.770108
1769857.946112
252291.976632
1244945.858644
918456.7113
838093.729852
1244448.98492
563457.824328
384940.742764
657100.296888
1515549.591412
924961.242932
523845.120712
839364.344648
1627636.601204
780900.286832
641199.62946
354395.565984
365628.41518
539958.228044
1794580.762268
1336101.998528
1006686.956572
899182.248112
464132.857628
822542.98618
1564885.140072
696438.998708
910200.628936
1895560.87996
666345.490192
1781600.354864
783701.705416
1243938.298392
1901185.128576
331130.78696
1755050.870928
306360.06072
296409.610656
1687656.093972
1794299.322824
1514717.797984
628878.468376
730234.203548
1918505.356996
1697854.948692
1603257.945392
1285697.553132
439756.584448
447465.918948
771254.072076
1566608.9042
1016725.370512
1534600.087872
1458789.238588
1552078.213444
1887225.59144
1330943.746072
520164.61036
351398.2892
341518.931488
491943.940992
1615034.515836
606109.88692
377092.79744
1748191.263872
578922.278292
1162146.418592
1669766.064176
1608560.249956
1372311.735296
795681.925804
592946.790204
1422723.650512
1481681.68426
649708.141108
1030330.186388
454531.26876
523826.574816
1278361.067076
1639366.066476
1009752.46002
1650736.914684
1586574.102948